Classical Logistic Regression baseline accuracy: 0.974

Qubits  Layers  Train Acc   Test Acc    Time (s)  
--------------------------------------------------
4       1       0.613       0.614       4.4       
4       2       0.895       0.904       8.3       
4       3       0.903       0.930       11.8      
6       1       0.620       0.623       6.9       
6       2       0.890       0.886       12.7      
6       3       0.846       0.816       16.6      
8       1       0.620       0.614       9.4       
8       2       0.905       0.930       16.8      
8       3       0.908       0.939       24.5      